-5.000000 0.000000
-4.989990 0.002796
-4.979980 0.005590
-4.969970 0.008380
-4.959960 0.011163
-4.949950 0.013938
-4.939940 0.016701
-4.929930 0.019451
-4.919920 0.022186
-4.909910 0.024904
-4.899900 0.027603
-4.889890 0.030281
-4.879880 0.032935
-4.869870 0.035564
-4.859860 0.038167
-4.849850 0.040740
-4.839840 0.043283
-4.829830 0.045793
-4.819820 0.048270
-4.809810 0.050710
-4.799800 0.053113
-4.789790 0.055477
-4.779780 0.057801
-4.769770 0.060082
-4.759760 0.062319
-4.749750 0.064512
-4.739740 0.066658
-4.729730 0.068756
-4.719720 0.070805
-4.709710 0.072804
-4.699700 0.074751
-4.689690 0.076646
-4.679680 0.078487
-4.669670 0.080273
-4.659660 0.082003
-4.649650 0.083677
-4.639640 0.085293
-4.629630 0.086851
-4.619620 0.088349
-4.609610 0.089788
-4.599600 0.091165
-4.589590 0.092481
-4.579580 0.093736
-4.569570 0.094928
-4.559560 0.096056
-4.549550 0.097122
-4.539540 0.098123
-4.529530 0.099060
-4.519520 0.099933
-4.509510 0.100741
-4.499499 0.101483
-4.489489 0.102161
-4.479479 0.102773
-4.469469 0.103320
-4.459459 0.103801
-4.449449 0.104217
-4.439439 0.104567
-4.429429 0.104852
-4.419419 0.105072
-4.409409 0.105227
-4.399399 0.105317
-4.389389 0.105342
-4.379379 0.105303
-4.369369 0.105201
-4.359359 0.105034
-4.349349 0.104805
-4.339339 0.104513
-4.329329 0.104158
-4.319319 0.103742
-4.309309 0.103265
-4.299299 0.102727
-4.289289 0.102129
-4.279279 0.101472
-4.269269 0.100756
-4.259259 0.099982
-4.249249 0.099151
-4.239239 0.098264
-4.229229 0.097321
-4.219219 0.096322
-4.209209 0.095270
-4.199199 0.094165
-4.189189 0.093007
-4.179179 0.091798
-4.169169 0.090539
-4.159159 0.089230
-4.149149 0.087872
-4.139139 0.086467
-4.129129 0.085015
-4.119119 0.083517
-4.109109 0.081975
-4.099099 0.080390
-4.089089 0.078762
-4.079079 0.077093
-4.069069 0.075384
-4.059059 0.073635
-4.049049 0.071848
-4.039039 0.070025
-4.029029 0.068165
-4.019019 0.066271
-4.009009 0.064343
-3.998999 0.062383
-3.988989 0.060392
-3.978979 0.058371
-3.968969 0.056320
-3.958959 0.054242
-3.948949 0.052138
-3.938939 0.050008
-3.928929 0.047853
-3.918919 0.045676
-3.908909 0.043477
-3.898899 0.041257
-3.888889 0.039017
-3.878879 0.036759
-3.868869 0.034484
-3.858859 0.032193
-3.848849 0.029886
-3.838839 0.027566
-3.828829 0.025234
-3.818819 0.022890
-3.808809 0.020535
-3.798799 0.018171
-3.788789 0.015799
-3.778779 0.013420
-3.768769 0.011035
-3.758759 0.008645
-3.748749 0.006251
-3.738739 0.003855
-3.728729 0.001457
-3.718719 -0.000942
-3.708709 -0.003340
-3.698699 -0.005737
-3.688689 -0.008131
-3.678679 -0.010522
-3.668669 -0.012909
-3.658659 -0.015290
-3.648649 -0.017665
-3.638639 -0.020033
-3.628629 -0.022392
-3.618619 -0.024743
-3.608609 -0.027083
-3.598599 -0.029413
-3.588589 -0.031731
-3.578579 -0.034036
-3.568569 -0.036328
-3.558559 -0.038605
-3.548549 -0.040868
-3.538539 -0.043114
-3.528529 -0.045344
-3.518519 -0.047557
-3.508509 -0.049752
-3.498498 -0.051928
-3.488488 -0.054084
-3.478478 -0.056221
-3.468468 -0.058336
-3.458458 -0.060430
-3.448448 -0.062502
-3.438438 -0.064551
-3.428428 -0.066577
-3.418418 -0.068579
-3.408408 -0.070556
-3.398398 -0.072508
-3.388388 -0.074435
-3.378378 -0.076336
-3.368368 -0.078210
-3.358358 -0.080057
-3.348348 -0.081877
-3.338338 -0.083669
-3.328328 -0.085432
-3.318318 -0.087167
-3.308308 -0.088872
-3.298298 -0.090549
-3.288288 -0.092195
-3.278278 -0.093811
-3.268268 -0.095396
-3.258258 -0.096951
-3.248248 -0.098474
-3.238238 -0.099966
-3.228228 -0.101426
-3.218218 -0.102855
-3.208208 -0.104251
-3.198198 -0.105615
-3.188188 -0.106947
-3.178178 -0.108245
-3.168168 -0.109511
-3.158158 -0.110744
-3.148148 -0.111943
-3.138138 -0.113109
-3.128128 -0.114242
-3.118118 -0.115342
-3.108108 -0.116407
-3.098098 -0.117439
-3.088088 -0.118438
-3.078078 -0.119402
-3.068068 -0.120333
-3.058058 -0.121230
-3.048048 -0.122093
-3.038038 -0.122922
-3.028028 -0.123718
-3.018018 -0.124479
-3.008008 -0.125207
-2.997998 -0.125902
-2.987988 -0.126563
-2.977978 -0.127190
-2.967968 -0.127784
-2.957958 -0.128344
-2.947948 -0.128872
-2.937938 -0.129366
-2.927928 -0.129827
-2.917918 -0.130256
-2.907908 -0.130651
-2.897898 -0.131015
-2.887888 -0.131345
-2.877878 -0.131644
-2.867868 -0.131911
-2.857858 -0.132145
-2.847848 -0.132349
-2.837838 -0.132520
-2.827828 -0.132661
-2.817818 -0.132770
-2.807808 -0.132849
-2.797798 -0.132897
-2.787788 -0.132915
-2.777778 -0.132903
-2.767768 -0.132861
-2.757758 -0.132789
-2.747748 -0.132689
-2.737738 -0.132559
-2.727728 -0.132400
-2.717718 -0.132213
-2.707708 -0.131998
-2.697698 -0.131755
-2.687688 -0.131484
-2.677678 -0.131186
-2.667668 -0.130860
-2.657658 -0.130508
-2.647648 -0.130130
-2.637638 -0.129726
-2.627628 -0.129295
-2.617618 -0.128840
-2.607608 -0.128359
-2.597598 -0.127853
-2.587588 -0.127322
-2.577578 -0.126768
-2.567568 -0.126189
-2.557558 -0.125587
-2.547548 -0.124962
-2.537538 -0.124314
-2.527528 -0.123643
-2.517518 -0.122950
-2.507508 -0.122235
-2.497497 -0.121498
-2.487487 -0.120740
-2.477477 -0.119962
-2.467467 -0.119162
-2.457457 -0.118343
-2.447447 -0.117503
-2.437437 -0.116644
-2.427427 -0.115766
-2.417417 -0.114869
-2.407407 -0.113953
-2.397397 -0.113019
-2.387387 -0.112067
-2.377377 -0.111097
-2.367367 -0.110110
-2.357357 -0.109107
-2.347347 -0.108086
-2.337337 -0.107050
-2.327327 -0.105997
-2.317317 -0.104929
-2.307307 -0.103845
-2.297297 -0.102746
-2.287287 -0.101633
-2.277277 -0.100506
-2.267267 -0.099364
-2.257257 -0.098208
-2.247247 -0.097040
-2.237237 -0.095858
-2.227227 -0.094663
-2.217217 -0.093455
-2.207207 -0.092236
-2.197197 -0.091004
-2.187187 -0.089761
-2.177177 -0.088507
-2.167167 -0.087241
-2.157157 -0.085965
-2.147147 -0.084678
-2.137137 -0.083381
-2.127127 -0.082074
-2.117117 -0.080758
-2.107107 -0.079432
-2.097097 -0.078097
-2.087087 -0.076753
-2.077077 -0.075400
-2.067067 -0.074039
-2.057057 -0.072670
-2.047047 -0.071293
-2.037037 -0.069909
-2.027027 -0.068517
-2.017017 -0.067118
-2.007007 -0.065712
-1.996997 -0.064300
-1.986987 -0.062881
-1.976977 -0.061456
-1.966967 -0.060025
-1.956957 -0.058588
-1.946947 -0.057146
-1.936937 -0.055698
-1.926927 -0.054245
-1.916917 -0.052787
-1.906907 -0.051325
-1.896897 -0.049858
-1.886887 -0.048387
-1.876877 -0.046911
-1.866867 -0.045432
-1.856857 -0.043949
-1.846847 -0.042462
-1.836837 -0.040972
-1.826827 -0.039479
-1.816817 -0.037982
-1.806807 -0.036483
-1.796797 -0.034981
-1.786787 -0.033476
-1.776777 -0.031969
-1.766767 -0.030459
-1.756757 -0.028948
-1.746747 -0.027434
-1.736737 -0.025918
-1.726727 -0.024401
-1.716717 -0.022882
-1.706707 -0.021362
-1.696697 -0.019840
-1.686687 -0.018317
-1.676677 -0.016793
-1.666667 -0.015267
-1.656657 -0.013741
-1.646647 -0.012214
-1.636637 -0.010687
-1.626627 -0.009159
-1.616617 -0.007630
-1.606607 -0.006101
-1.596597 -0.004571
-1.586587 -0.003042
-1.576577 -0.001512
-1.566567 0.000018
-1.556557 0.001548
-1.546547 0.003078
-1.536537 0.004607
-1.526527 0.006137
-1.516517 0.007666
-1.506507 0.009195
-1.496496 0.010723
-1.486486 0.012251
-1.476476 0.013779
-1.466466 0.015306
-1.456456 0.016832
-1.446446 0.018358
-1.436436 0.019883
-1.426426 0.021408
-1.416416 0.022931
-1.406406 0.024454
-1.396396 0.025976
-1.386386 0.027498
-1.376376 0.029018
-1.366366 0.030538
-1.356356 0.032056
-1.346346 0.033574
-1.336336 0.035091
-1.326326 0.036607
-1.316316 0.038122
-1.306306 0.039636
-1.296296 0.041149
-1.286286 0.042661
-1.276276 0.044173
-1.266266 0.045683
-1.256256 0.047192
-1.246246 0.048701
-1.236236 0.050209
-1.226226 0.051715
-1.216216 0.053221
-1.206206 0.054726
-1.196196 0.056230
-1.186186 0.057734
-1.176176 0.059236
-1.166166 0.060738
-1.156156 0.062239
-1.146146 0.063740
-1.136136 0.065240
-1.126126 0.066739
-1.116116 0.068237
-1.106106 0.069735
-1.096096 0.071233
-1.086086 0.072730
-1.076076 0.074226
-1.066066 0.075722
-1.056056 0.077218
-1.046046 0.078713
-1.036036 0.080209
-1.026026 0.081704
-1.016016 0.083199
-1.006006 0.084693
-0.995996 0.086188
-0.985986 0.087683
-0.975976 0.089178
-0.965966 0.090673
-0.955956 0.092168
-0.945946 0.093664
-0.935936 0.095160
-0.925926 0.096656
-0.915916 0.098152
-0.905906 0.099650
-0.895896 0.101147
-0.885886 0.102646
-0.875876 0.104145
-0.865866 0.105645
-0.855856 0.107146
-0.845846 0.108648
-0.835836 0.110151
-0.825826 0.111655
-0.815816 0.113160
-0.805806 0.114666
-0.795796 0.116174
-0.785786 0.117684
-0.775776 0.119194
-0.765766 0.120707
-0.755756 0.122221
-0.745746 0.123736
-0.735736 0.125254
-0.725726 0.126773
-0.715716 0.128295
-0.705706 0.129818
-0.695696 0.131344
-0.685686 0.132872
-0.675676 0.134403
-0.665666 0.135935
-0.655656 0.137471
-0.645646 0.139009
-0.635636 0.140549
-0.625626 0.142093
-0.615616 0.143639
-0.605606 0.145188
-0.595596 0.146741
-0.585586 0.148296
-0.575576 0.149855
-0.565566 0.151417
-0.555556 0.152983
-0.545546 0.154552
-0.535536 0.156125
-0.525526 0.157701
-0.515516 0.159282
-0.505506 0.160866
-0.495495 0.162454
-0.485485 0.164046
-0.475475 0.165643
-0.465465 0.167244
-0.455455 0.168849
-0.445445 0.170458
-0.435435 0.172072
-0.425425 0.173691
-0.415415 0.175315
-0.405405 0.176943
-0.395395 0.178577
-0.385385 0.180215
-0.375375 0.181859
-0.365365 0.183507
-0.355355 0.185161
-0.345345 0.186821
-0.335335 0.188486
-0.325325 0.190156
-0.315315 0.191833
-0.305305 0.193515
-0.295295 0.195202
-0.285285 0.196896
-0.275275 0.198596
-0.265265 0.200302
-0.255255 0.202014
-0.245245 0.203733
-0.235235 0.205458
-0.225225 0.207189
-0.215215 0.208927
-0.205205 0.210672
-0.195195 0.212423
-0.185185 0.214181
-0.175175 0.215946
-0.165165 0.217718
-0.155155 0.219497
-0.145145 0.221284
-0.135135 0.223077
-0.125125 0.224878
-0.115115 0.226686
-0.105105 0.228502
-0.095095 0.230325
-0.085085 0.232156
-0.075075 0.233995
-0.065065 0.235841
-0.055055 0.237695
-0.045045 0.239557
-0.035035 0.241427
-0.025025 0.243305
-0.015015 0.245192
-0.005005 0.247086
0.005005 0.248989
0.015015 0.250900
0.025025 0.252819
0.035035 0.254747
0.045045 0.256683
0.055055 0.258628
0.065065 0.260582
0.075075 0.262544
0.085085 0.264515
0.095095 0.266494
0.105105 0.268483
0.115115 0.270480
0.125125 0.272487
0.135135 0.274502
0.145145 0.276526
0.155155 0.278559
0.165165 0.280602
0.175175 0.282653
0.185185 0.284714
0.195195 0.286783
0.205205 0.288862
0.215215 0.290951
0.225225 0.293048
0.235235 0.295155
0.245245 0.297271
0.255255 0.299396
0.265265 0.301531
0.275275 0.303675
0.285285 0.305829
0.295295 0.307992
0.305305 0.310164
0.315315 0.312346
0.325325 0.314537
0.335335 0.316737
0.345345 0.318947
0.355355 0.321166
0.365365 0.323395
0.375375 0.325633
0.385385 0.327880
0.395395 0.330137
0.405405 0.332403
0.415415 0.334678
0.425425 0.336963
0.435435 0.339256
0.445445 0.341559
0.455455 0.343871
0.465465 0.346192
0.475475 0.348522
0.485485 0.350862
0.495495 0.353210
0.505506 0.355567
0.515516 0.357933
0.525526 0.360307
0.535536 0.362691
0.545546 0.365083
0.555556 0.367483
0.565566 0.369892
0.575576 0.372310
0.585586 0.374735
0.595596 0.377169
0.605606 0.379612
0.615616 0.382062
0.625626 0.384520
0.635636 0.386986
0.645646 0.389459
0.655656 0.391940
0.665666 0.394429
0.675676 0.396925
0.685686 0.399428
0.695696 0.401938
0.705706 0.404456
0.715716 0.406980
0.725726 0.409510
0.735736 0.412047
0.745746 0.414590
0.755756 0.417140
0.765766 0.419695
0.775776 0.422257
0.785786 0.424824
0.795796 0.427396
0.805806 0.429973
0.815816 0.432556
0.825826 0.435143
0.835836 0.437735
0.845846 0.440332
0.855856 0.442933
0.865866 0.445537
0.875876 0.448145
0.885886 0.450757
0.895896 0.453372
0.905906 0.455990
0.915916 0.458611
0.925926 0.461234
0.935936 0.463860
0.945946 0.466487
0.955956 0.469116
0.965966 0.471746
0.975976 0.474377
0.985986 0.477010
0.995996 0.479642
1.006006 0.482275
1.016016 0.484907
1.026026 0.487539
1.036036 0.490170
1.046046 0.492800
1.056056 0.495429
1.066066 0.498055
1.076076 0.500679
1.086086 0.503301
1.096096 0.505919
1.106106 0.508534
1.116116 0.511145
1.126126 0.513753
1.136136 0.516355
1.146146 0.518953
1.156156 0.521545
1.166166 0.524131
1.176176 0.526711
1.186186 0.529284
1.196196 0.531850
1.206206 0.534408
1.216216 0.536958
1.226226 0.539500
1.236236 0.542032
1.246246 0.544555
1.256256 0.547068
1.266266 0.549570
1.276276 0.552061
1.286286 0.554541
1.296296 0.557008
1.306306 0.559463
1.316316 0.561905
1.326326 0.564333
1.336336 0.566746
1.346346 0.569145
1.356356 0.571528
1.366366 0.573895
1.376376 0.576246
1.386386 0.578579
1.396396 0.580895
1.406406 0.583192
1.416416 0.585470
1.426426 0.587728
1.436436 0.589966
1.446446 0.592183
1.456456 0.594379
1.466466 0.596552
1.476476 0.598702
1.486486 0.600829
1.496496 0.602932
1.506507 0.605009
1.516517 0.607061
1.526527 0.609086
1.536537 0.611085
1.546547 0.613055
1.556557 0.614997
1.566567 0.616910
1.576577 0.618793
1.586587 0.620646
1.596597 0.622466
1.606607 0.624255
1.616617 0.626010
1.626627 0.627732
1.636637 0.629420
1.646647 0.631072
1.656657 0.632688
1.666667 0.634267
1.676677 0.635808
1.686687 0.637311
1.696697 0.638775
1.706707 0.640198
1.716717 0.641581
1.726727 0.642922
1.736737 0.644221
1.746747 0.645476
1.756757 0.646687
1.766767 0.647852
1.776777 0.648972
1.786787 0.650045
1.796797 0.651071
1.806807 0.652048
1.816817 0.652976
1.826827 0.653853
1.836837 0.654680
1.846847 0.655454
1.856857 0.656176
1.866867 0.656844
1.876877 0.657458
1.886887 0.658016
1.896897 0.658518
1.906907 0.658963
1.916917 0.659350
1.926927 0.659678
1.936937 0.659946
1.946947 0.660153
1.956957 0.660299
1.966967 0.660383
1.976977 0.660403
1.986987 0.660359
1.996997 0.660250
2.007007 0.660075
2.017017 0.659834
2.027027 0.659525
2.037037 0.659147
2.047047 0.658700
2.057057 0.658183
2.067067 0.657594
2.077077 0.656934
2.087087 0.656201
2.097097 0.655395
2.107107 0.654514
2.117117 0.653558
2.127127 0.652526
2.137137 0.651418
2.147147 0.650231
2.157157 0.648966
2.167167 0.647622
2.177177 0.646198
2.187187 0.644694
2.197197 0.643108
2.207207 0.641439
2.217217 0.639688
2.227227 0.637853
2.237237 0.635934
2.247247 0.633929
2.257257 0.631839
2.267267 0.629662
2.277277 0.627399
2.287287 0.625047
2.297297 0.622608
2.307307 0.620079
2.317317 0.617461
2.327327 0.614753
2.337337 0.611954
2.347347 0.609063
2.357357 0.606081
2.367367 0.603007
2.377377 0.599840
2.387387 0.596580
2.397397 0.593226
2.407407 0.589778
2.417417 0.586236
2.427427 0.582599
2.437437 0.578867
2.447447 0.575039
2.457457 0.571115
2.467467 0.567095
2.477477 0.562979
2.487487 0.558766
2.497497 0.554457
2.507508 0.550050
2.517518 0.545547
2.527528 0.540946
2.537538 0.536247
2.547548 0.531451
2.557558 0.526558
2.567568 0.521568
2.577578 0.516480
2.587588 0.511294
2.597598 0.506012
2.607608 0.500632
2.617618 0.495155
2.627628 0.489582
2.637638 0.483912
2.647648 0.478145
2.657658 0.472283
2.667668 0.466325
2.677678 0.460272
2.687688 0.454124
2.697698 0.447881
2.707708 0.441545
2.717718 0.435116
2.727728 0.428593
2.737738 0.421978
2.747748 0.415272
2.757758 0.408475
2.767768 0.401588
2.777778 0.394612
2.787788 0.387547
2.797798 0.380394
2.807808 0.373155
2.817818 0.365829
2.827828 0.358420
2.837838 0.350926
2.847848 0.343350
2.857858 0.335692
2.867868 0.327953
2.877878 0.320136
2.887888 0.312241
2.897898 0.304269
2.907908 0.296222
2.917918 0.288102
2.927928 0.279909
2.937938 0.271645
2.947948 0.263312
2.957958 0.254911
2.967968 0.246445
2.977978 0.237914
2.987988 0.229321
2.997998 0.220667
3.008008 0.211954
3.018018 0.203184
3.028028 0.194359
3.038038 0.185481
3.048048 0.176552
3.058058 0.167575
3.068068 0.158550
3.078078 0.149481
3.088088 0.140370
3.098098 0.131219
3.108108 0.122030
3.118118 0.112805
3.128128 0.103548
3.138138 0.094261
3.148148 0.084945
3.158158 0.075605
3.168168 0.066241
3.178178 0.056858
3.188188 0.047458
3.198198 0.038043
3.208208 0.028616
3.218218 0.019180
3.228228 0.009739
3.238238 0.000294
3.248248 -0.009151
3.258258 -0.018593
3.268268 -0.028028
3.278278 -0.037455
3.288288 -0.046870
3.298298 -0.056269
3.308308 -0.065650
3.318318 -0.075008
3.328328 -0.084342
3.338338 -0.093647
3.348348 -0.102921
3.358358 -0.112159
3.368368 -0.121359
3.378378 -0.130517
3.388388 -0.139630
3.398398 -0.148694
3.408408 -0.157705
3.418418 -0.166660
3.428428 -0.175556
3.438438 -0.184389
3.448448 -0.193155
3.458458 -0.201851
3.468468 -0.210473
3.478478 -0.219018
3.488488 -0.227481
3.498498 -0.235859
3.508509 -0.244149
3.518519 -0.252347
3.528529 -0.260449
3.538539 -0.268451
3.548549 -0.276349
3.558559 -0.284141
3.568569 -0.291822
3.578579 -0.299389
3.588589 -0.306838
3.598599 -0.314165
3.608609 -0.321366
3.618619 -0.328439
3.628629 -0.335379
3.638639 -0.342182
3.648649 -0.348846
3.658659 -0.355366
3.668669 -0.361739
3.678679 -0.367962
3.688689 -0.374031
3.698699 -0.379942
3.708709 -0.385692
3.718719 -0.391278
3.728729 -0.396697
3.738739 -0.401944
3.748749 -0.407017
3.758759 -0.411913
3.768769 -0.416628
3.778779 -0.421160
3.788789 -0.425504
3.798799 -0.429659
3.808809 -0.433621
3.818819 -0.437388
3.828829 -0.440956
3.838839 -0.444323
3.848849 -0.447486
3.858859 -0.450443
3.868869 -0.453190
3.878879 -0.455727
3.888889 -0.458049
3.898899 -0.460156
3.908909 -0.462044
3.918919 -0.463712
3.928929 -0.465157
3.938939 -0.466379
3.948949 -0.467374
3.958959 -0.468141
3.968969 -0.468679
3.978979 -0.468986
3.988989 -0.469061
3.998999 -0.468902
4.009009 -0.468509
4.019019 -0.467879
4.029029 -0.467013
4.039039 -0.465909
4.049049 -0.464567
4.059059 -0.462986
4.069069 -0.461166
4.079079 -0.459106
4.089089 -0.456807
4.099099 -0.454268
4.109109 -0.451488
4.119119 -0.448470
4.129129 -0.445212
4.139139 -0.441716
4.149149 -0.437981
4.159159 -0.434010
4.169169 -0.429802
4.179179 -0.425359
4.189189 -0.420683
4.199199 -0.415773
4.209209 -0.410633
4.219219 -0.405264
4.229229 -0.399667
4.239239 -0.393845
4.249249 -0.387799
4.259259 -0.381533
4.269269 -0.375048
4.279279 -0.368348
4.289289 -0.361435
4.299299 -0.354311
4.309309 -0.346981
4.319319 -0.339447
4.329329 -0.331713
4.339339 -0.323783
4.349349 -0.315660
4.359359 -0.307347
4.369369 -0.298850
4.379379 -0.290173
4.389389 -0.281319
4.399399 -0.272294
4.409409 -0.263102
4.419419 -0.253748
4.429429 -0.244237
4.439439 -0.234574
4.449449 -0.224764
4.459459 -0.214814
4.469469 -0.204728
4.479479 -0.194512
4.489489 -0.184172
4.499499 -0.173715
4.509510 -0.163146
4.519520 -0.152471
4.529530 -0.141698
4.539540 -0.130832
4.549550 -0.119881
4.559560 -0.108851
4.569570 -0.097749
4.579580 -0.086582
4.589590 -0.075357
4.599600 -0.064082
4.609610 -0.052764
4.619620 -0.041410
4.629630 -0.030028
4.639640 -0.018625
4.649650 -0.007210
4.659660 0.004210
4.669670 0.015627
4.679680 0.027034
4.689690 0.038421
4.699700 0.049782
4.709710 0.061107
4.719720 0.072389
4.729730 0.083620
4.739740 0.094791
4.749750 0.105894
4.759760 0.116921
4.769770 0.127864
4.779780 0.138713
4.789790 0.149461
4.799800 0.160100
4.809810 0.170621
4.819820 0.181015
4.829830 0.191276
4.839840 0.201393
4.849850 0.211360
4.859860 0.221168
4.869870 0.230809
4.879880 0.240274
4.889890 0.249557
4.899900 0.258649
4.909910 0.267542
4.919920 0.276228
4.929930 0.284701
4.939940 0.292951
4.949950 0.300973
4.959960 0.308759
4.969970 0.316301
4.979980 0.323593
4.989990 0.330628
5.000000 0.337399
